dH[1][1] = 0.0
dS[1][1] = 0.0
dH[1][2] = -3.7
dS[1][2] = -14.4
dH[1][3] = 0.0
dS[1][3] = 0.0
dH[1][4] = 0.1
dS[1][4] = -2.85
dH[1][5] = -18.2
dS[1][5] = -51.550000000000004
dH[2][2] = 0.0
dS[2][2] = 0.0
dH[2][3] = 0.0
dS[2][3] = 0.0
dH[2][4] = -20.099999999999998
dS[2][4] = -55.85
dH[2][5] = 0.1
dS[2][5] = -2.85
dH[3][3] = 0.0
dS[3][3] = 0.0
dH[3][4] = 0.0
dS[3][4] = 0.0
dH[3][5] = 0.0
dS[3][5] = 0.0
dH[4][4] = 0.0
dS[4][4] = 0.0
dH[4][5] = -2.9
dS[4][5] = -10.8
dH[5][5] = 0.0
dS[5][5] = 0.0
